0                   
84
10                  
27
5                   
53
15                  
92
20                  
17
25                  
74
30                  
41
35                  
63
40                  
9
45                  
38
50                  
71
55                  
48
60                  
5
65                  
88
70                  
31
75                  
61
80                  
19
85                  
67
90                  
42
95                  
76
0                   
84
10                  
27
5                   
53
15                  
92
20                  
17
25                  
74
30                  
41
35                 
63
40                  
9
45                  
38
50                  
71
55                  
48
60                  
5
65                  
88
70                  
31
